initial: 6 
0.793265 0.000001 0.051917 0.154818 0.000000 0.000000 

transition: 6 
0.242282 0.245639 0.371048 0.060841 0.000812 0.079377 
0.087482 0.412761 0.467589 0.032152 0.000003 0.000013 
0.120028 0.545567 0.008138 0.318638 0.000041 0.007588 
0.069789 0.092632 0.005676 0.561752 0.006595 0.263556 
0.106223 0.000289 0.000005 0.000003 0.642804 0.250677 
0.095703 0.445665 0.011095 0.000005 0.311684 0.135849 


observation: 6 
0.937709 0.361873 0.190262 0.058355 0.028899 0.087047 
0.017105 0.070614 0.526957 0.078020 0.114770 0.057900 
0.031346 0.063173 0.271257 0.859753 0.129122 0.320146 
0.013839 0.504339 0.011523 0.003870 0.084783 0.446222 
0.000001 0.000002 0.000001 0.000001 0.031065 0.088683 
0.000001 0.000000 0.000000 0.000001 0.611361 0.000003 
