initial: 6 
0.010150 0.156146 0.069810 0.196278 0.000000 0.567615 

transition: 6 
0.168724 0.534092 0.287264 0.000562 0.002760 0.006598 
0.141707 0.460793 0.261663 0.081950 0.000009 0.053878 
0.556636 0.042734 0.025237 0.367865 0.002231 0.005297 
0.188414 0.026099 0.027715 0.570006 0.001431 0.186334 
0.012454 0.102752 0.000004 0.000002 0.538465 0.346323 
0.395094 0.019528 0.000016 0.000003 0.347492 0.237867 


observation: 6 
0.444644 0.563262 0.164097 0.091050 0.015242 0.093175 
0.010089 0.112650 0.544856 0.077414 0.100042 0.078662 
0.009976 0.180923 0.231635 0.185388 0.110694 0.332577 
0.534755 0.142929 0.035862 0.000013 0.027192 0.390694 
0.000531 0.000235 0.023548 0.646134 0.006470 0.104889 
0.000006 0.000001 0.000002 0.000001 0.740360 0.000003 
