initial: 6 
0.775560 0.000001 0.079356 0.145084 0.000000 0.000000 

transition: 6 
0.333238 0.266385 0.291617 0.004634 0.002983 0.101144 
0.218862 0.476983 0.276837 0.026897 0.000036 0.000384 
0.063476 0.472454 0.003530 0.407791 0.002462 0.050287 
0.055752 0.148258 0.077105 0.491159 0.002442 0.225284 
0.103525 0.002987 0.000004 0.000007 0.578408 0.315069 
0.165261 0.292034 0.000073 0.000003 0.318216 0.224414 


observation: 6 
0.695689 0.381408 0.222508 0.065529 0.021333 0.077239 
0.019304 0.135346 0.482127 0.011029 0.107946 0.070870 
0.255401 0.036427 0.257372 0.158074 0.142363 0.267487 
0.026630 0.444705 0.005527 0.000239 0.019346 0.488255 
0.002974 0.002113 0.032464 0.765129 0.017123 0.094411 
0.000001 0.000000 0.000001 0.000001 0.691889 0.001739 
