initial: 6 
0.488446 0.511553 0.000001 0.000001 0.000000 0.000000 

transition: 6 
0.249698 0.401770 0.027301 0.315378 0.003197 0.002657 
0.017378 0.497978 0.208864 0.002226 0.002521 0.271034 
0.032733 0.009888 0.187841 0.759706 0.005263 0.004569 
0.001913 0.017769 0.017156 0.242763 0.525070 0.195330 
0.000001 0.000018 0.000001 0.000001 0.501821 0.498158 
0.809840 0.000507 0.014583 0.174936 0.000132 0.000002 


observation: 6 
0.000381 0.298065 0.016859 0.098758 0.299195 0.095470 
0.076946 0.403499 0.005002 0.096932 0.000027 0.097590 
0.422723 0.196211 0.447887 0.295894 0.302262 0.000002 
0.499948 0.102214 0.456869 0.407830 0.000002 0.000001 
0.000002 0.000010 0.073382 0.100586 0.000114 0.806937 
0.000000 0.000001 0.000000 0.000001 0.398401 0.000000 
